%YAML:1.0
---
mtx: !!opencv-matrix
   rows: 3
   cols: 3
   dt: d
   data: [ 779.3254984643678, 0., 673.89619504734753, 0.,
       777.52947821085706, 373.16417035473245, 0., 0., 1. ]
dist: !!opencv-matrix
   rows: 1
   cols: 5
   dt: d
   data: [ -0.043788041876100255, 0.051595525191201516, 0., 0., 0. ]
image_width: 1280
image_height: 720
rms: 0.40595695969964202
pattern_cols: 9
pattern_rows: 6
square_size: 20.
