%YAML:1.0
---
mtx: !!opencv-matrix
   rows: 3
   cols: 3
   dt: d
   data: [ 3862.1395503336848, 0., 653.22855960666948, 0.,
       3806.2266868857678, 356.80688692182628, 0., 0., 1. ]
dist: !!opencv-matrix
   rows: 1
   cols: 5
   dt: d
   data: [ -1.0064462062185069, 29.035037063006527, 0., 0., 0. ]
image_width: 1280
image_height: 720
rms: 0.37581720376064137
pattern_cols: 9
pattern_rows: 6
square_size: 20.
